[telescope]
TelescopeDiameter = 8.0
ZenithAngle = 30.0
ObscurationRatio = 0.16
Resolution = 324
TechnicalFoV = 120

[atmosphere]
Wavelength = 500e-9
Seeing = 0.6
L0 = 22.0
Cn2Weights = [0.59, 0.02, 0.04, 0.06, 0.01, 0.05, 0.09, 0.04, 0.05, 0.05]
Cn2Heights  = [30, 140, 281, 562, 1125, 2250, 4500, 7750, 11000, 14000]
WindSpeed = [6.6, 5.9, 5.1, 4.5, 5.1, 8.3, 16.3, 30.2, 34.3, 17.5]
WindDirection = [0., 0., 0., 0., 0., 0., 0., 0., 0., 0.]

[sources_science]
Wavelength = [1.654e-06]
Zenith = [84.8528,72.1110,63.2456,60.0000,63.2456,72.1110,84.8528,72.1110,56.5685,44.7214,40.0000,44.7214,56.5685,72.1110,63.2456,44.7214,28.2843,20.0000,28.2843,44.7214,63.2456,60.0000,40.0000,20.0000,0.0000,20.0000,40.0000,60.0000,63.2456,44.7214,28.2843,20.0000,28.2843,44.7214,63.2456,72.1110,56.5685,44.7214,40.0000,44.7214,56.5685,72.1110,84.8528,72.1110,63.2456,60.0000,63.2456,72.1110,84.8528]
Azimuth = [225.0000,236.3099,251.5651,270.0000,288.4349,303.6901,315.0000,213.6901,225.0000,243.4349,270.0000,296.5651,315.0000,326.3099,198.4349,206.5651,225.0000,270.0000,315.0000,333.4349,341.5651,180.0000,180.0000,180.0000,0.0000,0.0000,0.0000,0.0000,161.5651,153.4349,135.0000,90.0000,45.0000,26.5651,18.4349,146.3099,135.0000,116.5651,90.0000,63.4349,45.0000,33.6901,135.0000,123.6901,108.4349,90.0000,71.5651,56.3099,45.0000]

[sources_HO]
Wavelength = [589e-9]
Zenith = [0.0, 42.43, 42.43, 42.43, 42.43]
Azimuth = [0.0, 45.0, 135.0, 225.0, 315.0]
Height = 90e3

[sources_LO]
Wavelength = [658e-9]
Zenith = [30.0, 30.0, 30.0]
Azimuth = [0.0, 120.0, 240.0]

[sensor_science]
PixelScale = 10.7
FieldOfView = 512

[sensor_HO]
WfsType = 'Shack-Hartmann'
NumberLenslets = [18, 18, 18, 18, 18]
PixelScale = 136.7
FieldOfView = 18
NumberPhotons = [667, 667, 667, 667, 667]
SigmaRON = 0.5
ExcessNoiseFactor = 1.0
Algorithm = 'cog'

[sensor_LO]
PixelScale = 8.48
FieldOfView = 75
NumberPhotons = [3840, 3840, 3840]
NumberLenslets = [1, 1, 1]
SigmaRON = 0.5
Dark = 0.0
SkyBackground = 0.0
ExcessNoiseFactor = 1.0
WindowRadiusWCoG = 'optimize'
ThresholdWCoG = 0.0
NewValueThrPix = 0.0
Binning = 1
Algorithm = 'wcog'

[DM]
DmPitchs = [0.258, 0.343]
NumberActuators = [32, 32]
InfModel = 'gaussian'
InfCoupling = [0.2, 0.2]
DmHeights = [0, 9000]
OptimizationZenith = [84.8528,72.1110,63.2456,60.0000,63.2456,72.1110,84.8528,72.1110,56.5685,44.7214,40.0000,44.7214,56.5685,72.1110,63.2456,44.7214,28.2843,20.0000,28.2843,44.7214,63.2456,60.0000,40.0000,20.0000,0.0000,20.0000,40.0000,60.0000,63.2456,44.7214,28.2843,20.0000,28.2843,44.7214,63.2456,72.1110,56.5685,44.7214,40.0000,44.7214,56.5685,72.1110,84.8528,72.1110,63.2456,60.0000,63.2456,72.1110,84.8528]
OptimizationAzimuth = [225.0000,236.3099,251.5651,270.0000,288.4349,303.6901,315.0000,213.6901,225.0000,243.4349,270.0000,296.5651,315.0000,326.3099,198.4349,206.5651,225.0000,270.0000,315.0000,333.4349,341.5651,180.0000,180.0000,180.0000,0.0000,0.0000,0.0000,0.0000,161.5651,153.4349,135.0000,90.0000,45.0000,26.5651,18.4349,146.3099,135.0000,116.5651,90.0000,63.4349,45.0000,33.6901,135.0000,123.6901,108.4349,90.0000,71.5651,56.3099,45.0000]
OptimizationWeight = [0.0204,0.0204,0.0204,0.0204,0.0204,0.0204,0.0204,0.0204,0.0204,0.0204,0.0204,0.0204,0.0204,0.0204,0.0204,0.0204,0.0204,0.0204,0.0204,0.0204,0.0204,0.0204,0.0204,0.0204,0.0204,0.0204,0.0204,0.0204,0.0204,0.0204,0.0204,0.0204,0.0204,0.0204,0.0204,0.0204,0.0204,0.0204,0.0204,0.0204,0.0204,0.0204,0.0204,0.0204,0.0204,0.0204,0.0204,0.0204,0.0204]

[RTC]
LoopGain_HO = 0.3
SensorFrameRate_HO = 500.0
LoopDelaySteps_HO = 2
LoopGain_LO = 'optimize'
SensorFrameRate_LO = 500.0
LoopDelaySteps_LO = 2
